1. Geometry and Sectional Properties
Section,h [mm],b [mm],tw [mm],tf [mm],hi [mm],r1 [mm],d [mm],k [mm],A [cm2],Iy [cm4],Iz [cm4],Ip [cm4] HEB 100,100.0,100.0,6.0,10.0,80.0,12.0,56.0,22.0,26.00,450.00,167.00,617.00 HEB 120,120.0,120.0,6.5,11.0,98.0,12.0,74.0,23.0,34.00,864.00,318.00,1182.00 HEB 140,140.0,140.0,7.0,12.0,116.0,12.0,92.0,24.0,43.00,1510.00,550.00,2060.00 HEB 160,160.0,160.0,8.0,13.0,134.0,15.0,104.0,28.0,54.30,2490.00,889.00,3379.00 HEB 180,180.0,180.0,8.5,14.0,152.0,15.0,122.0,29.0,65.30,3830.00,1360.00,5190.00 HEB 200,200.0,200.0,9.0,15.0,170.0,18.0,134.0,33.0,78.10,5700.00,2000.00,7700.00 HEB 220,220.0,220.0,9.5,16.0,188.0,18.0,152.0,34.0,91.00,8090.00,2840.00,10930.00 HEB 240,240.0,240.0,10.0,17.0,206.0,21.0,164.0,38.0,106.00,11260.00,3920.00,15180.00 HEB 260,260.0,260.0,10.0,17.5,225.0,24.0,176.0,42.0,118.00,14920.00,5130.00,20050.00 HEB 280,280.0,280.0,10.5,18.0,244.0,24.0,196.0,42.0,131.00,19270.00,6590.00,25860.00 HEB 300,300.0,300.0,11.0,19.0,262.0,27.0,208.0,46.0,149.00,25170.00,8560.00,33730.00 HEB 320,320.0,300.0,11.5,20.5,279.0,27.0,224.0,48.0,161.00,30820.00,9240.00,40060.00 HEB 340,340.0,300.0,12.0,21.5,297.0,27.0,242.0,49.0,171.00,36660.00,9690.00,46350.00 HEB 360,360.0,300.0,12.5,22.5,315.0,27.0,260.0,50.0,181.00,43190.00,10140.00,53330.00 HEB 400,400.0,300.0,13.5,24.0,352.0,27.0,298.0,51.0,198.00,57680.00,10820.00,68500.00 HEB 450,450.0,300.0,14.0,26.0,398.0,27.0,344.0,53.0,218.00,79890.00,11720.00,91610.00 HEB 500,500.0,300.0,14.5,28.0,444.0,27.0,390.0,55.0,239.00,107200.00,12620.00,119820.00 HEB 550,550.0,300.0,15.0,29.0,492.0,27.0,438.0,56.0,254.00,136700.00,13080.00,149780.00 HEB 600,600.0,300.0,15.5,30.0,540.0,27.0,486.0,57.0,270.00,171000.00,13530.00,184530.00 HEB 650,650.0,300.0,16.0,31.0,588.0,27.0,534.0,58.0,286.00,210600.00,13980.00,224580.00 HEB 700,700.0,300.0,17.0,32.0,636.0,27.0,582.0,59.0,306.00,256900.00,14440.00,271340.00 HEB 800,800.0,300.0,17.5,33.0,734.0,30.0,674.0,63.0,334.00,359100.00,14900.00,374000.00 HEB 900,900.0,300.0,18.5,35.0,830.0,30.0,770.0,65.0,371.00,494100.00,15820.00,509920.00 HEB 1000,1000.0,300.0,19.0,36.0,928.0,30.0,868.0,66.0,400.00,644700.00,16280.00,660980.00

2. Bending, Shear, and Torsion
Section,iy [mm],iz [mm],ip [mm],max Sy [cm3],max Sz [cm3],Wy [cm3],Wz [cm3],Ay [cm2],Az [cm2],It [cm4],It,s [cm4],Wt [cm3] HEB 100,41.6,25.3,48.7,52.00,12.56,89.90,33.50,16.72,4.97,9.29,338.03,9.29 HEB 120,50.4,30.6,59.0,82.50,19.85,144.00,52.90,22.18,6.52,13.90,654.41,12.64 HEB 140,59.3,35.8,69.3,123.00,29.44,216.00,78.50,28.17,8.27,20.10,1148.61,16.75 HEB 160,67.8,40.5,79.0,177.00,41.71,311.00,111.00,34.82,10.77,31.40,1875.16,24.15 HEB 180,76.6,45.7,89.2,241.00,56.80,426.00,151.00,42.03,12.96,42.30,2897.72,30.21 HEB 200,85.4,50.7,99.3,321.00,75.20,570.00,200.00,50.06,15.33,59.50,4282.88,39.67 HEB 220,94.3,55.9,109.6,414.00,96.98,736.00,258.00,58.80,17.84,76.80,6111.50,48.00 HEB 240,103.0,60.8,119.6,525.00,122.72,938.00,327.00,68.21,20.55,103.00,8464.19,60.59 HEB 260,112.0,65.8,129.9,640.00,148.38,1150.00,395.00,76.02,22.39,124.00,11165.79,70.86 HEB 280,121.0,70.9,140.2,765.00,176.91,1380.00,471.00,84.24,25.37,144.00,14431.53,80.00 HEB 300,130.0,75.8,150.5,935.00,214.50,1680.00,571.00,95.33,28.53,186.00,18784.22,97.89 HEB 320,138.0,75.7,157.4,1070.00,231.31,1930.00,616.00,102.97,32.01,226.00,23024.38,110.24 HEB 340,146.0,75.3,164.3,1200.00,242.53,2160.00,646.00,107.98,35.72,258.00,27309.03,120.00 HEB 360,155.0,74.9,172.1,1340.00,253.74,2400.00,676.00,113.00,39.59,293.00,32075.51,130.22 HEB 400,171.0,74.0,186.3,1620.00,270.56,2880.00,721.00,120.63,47.96,357.00,42468.98,148.75 HEB 450,191.0,73.3,204.6,1990.00,292.93,3550.00,781.00,130.67,56.58,442.00,58499.28,170.00 HEB 500,212.0,72.7,224.1,2410.00,315.29,4290.00,842.00,140.72,65.72,540.00,78090.67,192.86 HEB 550,232.0,71.7,242.8,2800.00,326.48,4970.00,872.00,145.96,75.33,602.00,98540.83,207.59 HEB 600,252.0,70.8,261.8,3210.00,337.67,5700.00,902.00,150.98,85.41,669.00,122000.25,223.00 HEB 650,271.0,69.9,279.9,3660.00,348.85,6480.00,932.00,156.00,96.04,741.00,148715.72,239.03 HEB 700,290.0,68.7,298.0,4160.00,360.05,7340.00,963.00,161.24,110.31,833.00,178770.73,260.31 HEB 800,328.0,66.8,334.7,5110.00,371.54,8980.00,994.00,166.36,130.81,949.00,243004.90,287.58 HEB 900,365.0,65.3,370.8,6290.00,393.86,10980.00,1050.00,176.86,156.35,1140.00,327800.14,325.71 HEB 1000,401.0,63.8,406.0,7430.00,405.02,12890.00,1090.00,182.11,179.05,1260.00,418856.60,350.00

3. Warping and Plasticity
Section,max ω [cm2],Iω [cm6],iω [mm],Wω [cm4],max Sω [cm4],Wpl,y [cm3],Wpl,z [cm3],Wpl,ω [cm4],Wpl,y,webs [cm3],Wpl,z,flanges [cm3],αpl,y [--],αpl,z [--] HEB 100,22.50,3375.00,23.4,150.00,56.25,104.00,51.00,225.00,9.60,50.00,1.157,1.522 HEB 120,32.70,9410.00,28.2,287.77,107.91,165.00,81.00,431.64,15.61,79.20,1.146,1.531 HEB 140,44.80,22480.00,33.0,501.79,188.16,246.00,120.00,752.64,23.55,117.60,1.139,1.529 HEB 160,58.80,47940.00,37.7,815.31,305.76,354.00,170.00,1223.04,35.91,166.40,1.138,1.532 HEB 180,74.70,93750.00,42.5,1255.02,470.61,482.00,231.00,1882.44,49.10,226.80,1.131,1.530 HEB 200,92.50,171100.00,47.1,1849.73,693.75,642.00,306.00,2775.00,65.03,300.00,1.126,1.530 HEB 220,112.20,295400.00,52.0,2632.80,987.36,828.00,394.00,3949.44,83.94,387.20,1.125,1.527 HEB 240,133.80,486900.00,56.6,3639.01,1364.76,1050.00,499.00,5459.04,106.09,489.60,1.119,1.526 HEB 260,157.62,753700.00,61.3,4781.60,1792.98,1280.00,603.00,7171.94,126.56,591.50,1.113,1.527 HEB 280,183.40,1130000.00,66.1,6161.40,2310.84,1530.00,718.00,9243.36,156.28,705.60,1.109,1.524 HEB 300,210.75,1688000.00,70.7,8009.49,3003.19,1870.00,871.00,12012.75,188.77,855.00,1.113,1.525 HEB 320,224.63,2069000.00,71.9,9210.91,3453.61,2140.00,940.00,13814.44,223.79,922.50,1.109,1.526 HEB 340,238.87,2454000.00,72.8,10273.16,3851.86,2400.00,986.00,15407.44,264.63,967.50,1.111,1.526 HEB 360,253.12,2883000.00,73.5,11389.63,4271.48,2680.00,1030.00,17085.94,310.08,1012.50,1.117,1.524 HEB 400,282.00,3817000.00,74.6,13535.46,5076.00,3240.00,1100.00,20304.00,418.18,1080.00,1.125,1.526 HEB 450,318.00,5258000.00,75.8,16534.59,6201.00,3980.00,1200.00,24804.00,554.41,1170.00,1.121,1.536 HEB 500,354.00,7018000.00,76.5,19824.86,7434.00,4820.00,1290.00,29736.00,714.62,1260.00,1.124,1.532 HEB 550,390.75,8856000.00,76.9,22664.11,8498.81,5600.00,1340.00,33995.25,907.74,1305.00,1.127,1.537 HEB 600,427.50,10965000.00,77.1,25649.12,9618.75,6420.00,1390.00,38475.00,1129.95,1350.00,1.126,1.541 HEB 650,464.25,13363000.00,77.1,28784.06,10793.81,7320.00,1440.00,43175.25,1382.98,1395.00,1.130,1.545 HEB 700,501.00,16064000.00,76.9,32063.87,12024.00,8320.00,1490.00,48096.00,1719.11,1440.00,1.134,1.547 HEB 800,575.25,21840000.00,76.4,37966.10,14237.44,10220.00,1550.00,56949.75,2357.06,1485.00,1.138,1.559 HEB 900,648.75,29461000.00,76.0,45411.95,17029.69,12580.00,1660.00,68118.75,3186.16,1575.00,1.146,1.581 HEB 1000,723.00,37637000.00,75.5,52056.71,19521.00,14860.00,1710.00,78084.00,4090.62,1620.00,1.153,1.569

4. Plasticity and Other Properties
Section,αpl,ω [--],Apl,y [cm2],Apl,z [cm2],Npl [kN],Vpl,y [kN],Vpl,z [kN],Mpl,y [kNm],Mpl,z [kNm],Nu [kN],G [kg/m],Am [m2/m],V [cm3/m] HEB 100,1.500,20.00,5.40,612.019,271.355,73.266,24.50,12.09,612.019,20.4,0.567,2600.00 HEB 120,1.500,26.40,7.08,799.314,358.188,96.127,38.83,19.03,799.314,26.7,0.686,3400.00 HEB 140,1.500,33.60,8.96,1009.639,455.876,121.567,57.68,28.15,1009.639,33.8,0.805,4300.00 HEB 160,1.500,41.60,11.76,1275.175,564.418,159.557,83.20,39.94,1275.175,42.6,0.918,5430.00 HEB 180,1.500,50.40,14.11,1533.675,683.814,191.441,113.16,54.29,1533.675,51.3,1.040,6530.00 HEB 200,1.500,60.00,16.65,1835.293,814.064,225.903,151.03,71.87,1835.293,61.3,1.150,7810.00 HEB 220,1.500,70.40,19.38,2139.853,955.168,262.943,194.39,92.57,2139.853,71.4,1.270,9100.00 HEB 240,1.500,81.60,22.30,2491.184,1107.127,302.560,247.54,117.13,2491.184,83.2,1.380,10600.00 HEB 260,1.500,91.00,24.25,2784.127,1234.664,329.017,301.56,141.54,2784.127,92.6,1.500,11800.00 HEB 280,1.500,100.80,27.51,3087.747,1367.627,373.248,360.67,168.64,3087.747,102.8,1.620,13100.00 HEB 300,1.500,114.00,30.91,3504.192,1546.721,419.379,439.24,204.50,3504.192,117.0,1.730,14900.00 HEB 320,1.500,123.00,34.44,3792.420,1668.831,467.307,505.18,220.70,3792.420,126.4,1.770,16100.00 HEB 340,1.500,129.00,38.22,4016.962,1750.237,518.559,566.02,231.66,4016.962,134.2,1.810,17100.00 HEB 360,1.500,135.00,42.19,4245.735,1831.644,572.389,630.63,242.65,4245.735,142.1,1.850,18100.00 HEB 400,1.500,144.00,50.76,4648.642,1953.753,688.698,759.60,259.46,4648.642,155.4,1.930,19800.00 HEB 450,1.500,156.00,59.36,5123.342,2116.566,805.381,936.02,281.46,5123.342,171.1,2.030,21800.00 HEB 500,1.500,168.00,68.44,5608.852,2279.379,928.576,1131.61,303.55,5608.852,187.6,2.120,23900.00 HEB 550,1.500,174.00,78.15,5971.222,2360.785,1060.318,1314.00,315.18,5971.222,199.4,2.220,25400.00 HEB 600,1.500,180.00,88.35,6344.872,2442.192,1198.709,1510.13,326.91,6344.872,211.9,2.320,27000.00 HEB 650,1.500,186.00,99.04,6729.802,2523.598,1343.748,1720.42,338.75,6729.802,224.5,2.420,28600.00 HEB 700,1.500,192.00,113.56,7200.742,2605.004,1540.752,1957.14,351.35,7200.742,240.2,2.520,30600.00 HEB 800,1.500,198.00,134.22,7854.195,2686.411,1821.129,2404.13,365.01,7854.195,262.2,2.710,33400.00 HEB 900,1.500,210.00,160.02,8726.045,2849.224,2171.176,2957.69,389.73,8726.045,291.2,2.910,37100.00 HEB 1000,1.500,216.00,183.16,9402.140,2930.630,2485.066,3491.44,403.34,9402.140,314.0,3.110,40000.00

5. Other Properties
Section,Am/V [1/m],Aw [cm2],w [mm],w1 [mm] HEB 100,218.077,4.80,56.0,0.0 HEB 120,201.765,6.37,66.0,0.0 HEB 140,187.209,8.12,76.0,0.0 HEB 160,169.061,10.72,86.0,0.0 HEB 180,159.265,12.92,100.0,0.0 HEB 200,147.247,15.30,110.0,0.0 HEB 220,139.560,17.86,120.0,0.0 HEB 240,130.189,20.60,96.0,35.0 HEB 260,127.119,22.50,106.0,40.0 HEB 280,123.664,25.62,110.0,45.0 HEB 300,116.107,28.82,120.0,45.0 HEB 320,109.938,32.09,120.0,45.0 HEB 340,105.848,35.64,120.0,45.0 HEB 360,102.210,39.38,120.0,45.0 HEB 400,97.475,47.52,120.0,45.0 HEB 450,93.119,55.72,120.0,45.0 HEB 500,88.703,64.38,120.0,45.0 HEB 550,87.402,73.80,120.0,45.0 HEB 600,85.926,83.70,120.0,45.0 HEB 650,84.615,94.08,120.0,45.0 HEB 700,82.353,108.12,126.0,45.0 HEB 800,81.138,128.45,130.0,40.0 HEB 900,78.437,153.55,130.0,40.0 HEB 1000,77.750,176.32,130.0,40.0
